homes:
  base:
    world: world
    x: 8.096536066690465
    y: 64.0
    z: 463.4746710313513
    yaw: 192.47873
    pitch: 25.649946
