homes:
  home:
    world: world
    x: -794.5293545001922
    y: 65.0
    z: -2725.160349535233
    yaw: 168.9088
    pitch: 12.599995
  jungle:
    world: world
    x: -7250.493344508652
    y: 63.0
    z: -5973.358054859614
    yaw: 326.23386
    pitch: -0.25693396
