homes:
  Woman:
    world: world
    x: 1158.3597742764102
    y: 66.0
    z: -156.38268603294478
    yaw: -168.83313
    pitch: 42.300045
  OrnataDark:
    world: world
    x: 1159.0654139180363
    y: 66.0
    z: -157.45598472372623
    yaw: -289.73376
    pitch: 24.900003
  SmallIsland:
    world: world
    x: 1150.3041521514137
    y: 101.0
    z: -207.51274832422396
    yaw: -357.8979
    pitch: 30.89988
