homes:
  main:
    world: world
    x: 1329.4038570319942
    y: 64.0
    z: 80.61950162353997
    yaw: -18.930414
    pitch: 26.675236
  home2:
    world: world
    x: 2000.0356147725709
    y: 73.0
    z: -1829.920550247364
    yaw: -26.306059
    pitch: 7.6651506
  mushroom:
    world: world
    x: 771.2285967870787
    y: 70.0
    z: 2043.9502043856833
    yaw: 180.96014
    pitch: 10.472813
  darkoak:
    world: world
    x: -3135.5753948797233
    y: 70.0
    z: 684.8550463226621
    yaw: 74.766754
    pitch: 18.625088
