homes:
  darkoak:
    world: world
    x: -283.9157118441523
    y: 67.0
    z: -2852.393003507274
    yaw: -147.84618
    pitch: 11.252663
  mine:
    world: world
    x: -274.50692320704036
    y: 11.0
    z: -2878.2839089546032
    yaw: -220.11255
    pitch: 5.2642784
