homes:
  swamp:
    world: world
    x: 4507.988760536432
    y: 64.0
    z: -411.3396705885732
    yaw: -15.538027
    pitch: 16.964462
  ice:
    world: world
    x: 4932.7859612292505
    y: 63.0
    z: -126.34867355746903
    yaw: 123.59093
    pitch: 14.76581
  sam:
    world: world
    x: 2208.244828655766
    y: 64.0
    z: 860.4652709457353
    yaw: 212.74011
    pitch: 1.389916
  a:
    world: world
    x: 2232.580287293415
    y: 63.0
    z: 800.6999999880791
    yaw: 175.67352
    pitch: 49.518677
