homes:
  Village:
    world: world
    x: -2220.6278332897987
    y: 70.0
    z: -2423.5441758693173
    yaw: -41.351227
    pitch: 14.849961
  mine:
    world: world
    x: -2236.661335418667
    y: 8.0
    z: -2561.5241689720124
    yaw: 129.1365
    pitch: 21.6
  thisplace:
    world: world
    x: -2110.0726203945746
    y: 71.0
    z: -1385.4903665079314
    yaw: 16.548464
    pitch: 13.650181
  fish:
    world: world
    x: -1721.6349764400168
    y: 63.0
    z: -816.5149243957069
    yaw: 36.28832
    pitch: 38.878696
