homes:
  ravine:
    world: world
    x: 65.30000001192094
    y: 28.0
    z: -38.78709243547419
    yaw: -161.67757
    pitch: 56.849857
  enchantment:
    world: world
    x: -47.49640540135818
    y: 64.0
    z: 408.93039520900044
    yaw: 69.480865
    pitch: 41.099697
  base:
    world: world
    x: 2245.443508838439
    y: 63.0
    z: 836.3155926101203
    yaw: 153.5713
    pitch: 22.79991
  nether:
    world: world_nether
    x: 705.3000000119209
    y: 61.0
    z: -416.69999998807907
    yaw: -90.42401
    pitch: 35.400177
