homes:
  bed:
    world: world
    x: -1544.4066783014423
    y: 78.0
    z: -2917.1151320042236
    yaw: -136.49428
    pitch: 32.55301
