homes:
  home1:
    world: world
    x: -1379.699999988079
    y: 95.0
    z: -1716.5393005933317
    yaw: 9.264346
    pitch: 33.00017
  hmm:
    world: world
    x: 2483.300000011921
    y: 65.0
    z: -2800.300000011921
    yaw: -128.25879
    pitch: 31.049686
  homee:
    world: world
    x: 1865.5178316414824
    y: 63.0
    z: 2069.199354991195
    yaw: 129.7478
    pitch: 34.65002
  homo:
    world: world
    x: 1866.0667024578709
    y: 66.0
    z: 2056.91778111792
    yaw: -11.920963
    pitch: 14.099405
