homes:
  penis:
    world: world
    x: -10044.481516296913
    y: 70.0
    z: 123.0211206382753
    yaw: 289.64954
    pitch: 43.746784
  home:
    world: world
    x: -1474.1750532569952
    y: 65.0
    z: -2958.62238729465
    yaw: 292.40735
    pitch: 1.1300459
  villa:
    world: world
    x: 4500.699999988079
    y: 125.0
    z: 3237.300000011921
    yaw: 99.92916
    pitch: 37.076817
